MSE: 2.1117874999999993
MAE: 1.1312499999999996