MSE: 5.2949125
MAE: 1.7054166666666672