MSE: 5.307183333333335
MAE: 2.0733333333333346