MSE: 12.261033333333332
MAE: 2.994166666666666