MSE: 0.19770000000000001
MAE: 0.34750000000000014