MSE: 7.047383333333333
MAE: 1.9408333333333332