MSE: 6.804758333333333
MAE: 2.241666666666667