MSE: 1.644816666666667
MAE: 1.0658333333333332