MSE: 8.531070833333333
MAE: 2.389583333333334