MSE: 13.344079166666665
MAE: 2.942916666666667