MSE: 4.313691666666665
MAE: 1.5649999999999995