MSE: 0.3989249999999997
MAE: 0.5208333333333329