MSE: 3.7784541666666676
MAE: 1.5737500000000004