MSE: 1.7334958333333323
MAE: 1.0487499999999998