MSE: 10.930075000000002
MAE: 2.5441666666666665