MSE: 1.309129166666666
MAE: 0.8137499999999999