MSE: 2.2062000000000013
MAE: 1.3008333333333333