MSE: 26.360579166666668
MAE: 4.152083333333333