MSE: 0.2361875000000003
MAE: 0.4104166666666667