MSE: 8.331087499999997
MAE: 2.3954166666666663