MSE: 5.477504166666666
MAE: 1.785416666666667