MSE: 2.4775416666666668
MAE: 1.3683333333333334