MSE: 12.282325
MAE: 2.904166666666667