MSE: 3.580637500000002
MAE: 1.3962500000000002