MSE: 2.5301166666666655
MAE: 1.2249999999999994