MSE: 1.5321125000000002
MAE: 0.9729166666666669