MSE: 7.856859722222222
MAE: 1.9109444444444443