MSE: 9.966466666666665
MAE: 2.6316666666666664