MSE: 0.22681250000000044
MAE: 0.3845833333333338